# t(мкс)  T(K)  p(МПа)  sigma(1/(Ом·см))  q(Вт/см³)  Rd(Ом)  Fr(Вт/см²)
14.0000 5400.0 0.718914 0.000000e+00 0.000000e+00 59.985608 2.526858e-01
15.0000 5738.7 0.755653 1.018836e+00 2.021486e+00 34.007892 1.602890e+00
16.0000 6012.8 0.789053 1.790549e+00 1.321156e+01 23.508397 3.599710e+00
17.0000 6244.4 0.820089 2.587972e+00 2.967093e+01 17.846799 -3.827728e+00
18.0000 6450.6 0.847791 3.411962e+00 -3.078005e+01 14.432431 -4.042535e+00
19.0000 6639.6 0.873690 4.221238e+00 -3.245011e+01 12.124455 1.674012e+00
20.0000 6816.0 0.898179 5.026780e+00 1.397595e+01 10.450086 1.260503e+01
21.0000 6982.7 0.921523 5.834047e+00 1.025355e+02 9.176324 2.828221e+01
22.0000 7140.2 0.943430 6.645592e+00 2.293428e+02 8.179792 1.721240e+01
23.0000 7289.6 0.963819 7.457635e+00 1.398550e+02 7.379490 1.797384e+01
24.0000 7432.6 0.983608 8.267717e+00 1.460328e+02 6.720062 3.367441e+01
25.0000 7570.6 1.002948 9.080175e+00 2.726812e+02 6.165631 6.345361e+01
26.0000 7704.2 1.021913 9.897777e+00 5.127784e+02 5.692509 1.066936e+02
27.0000 7834.1 1.040553 1.072146e+01 8.612801e+02 5.283481 1.629777e+02
28.0000 7960.7 1.058906 1.155248e+01 1.314783e+03 4.926075 2.320095e+02
29.0000 8086.0 1.076808 1.239163e+01 1.870856e+03 4.604072 2.605185e+02
30.0000 8214.9 1.094442 1.325951e+01 2.099937e+03 4.304181 2.969386e+02
31.0000 8345.2 1.112965 1.418314e+01 2.394408e+03 4.031427 3.724867e+02
32.0000 8474.5 1.131862 1.514323e+01 3.003654e+03 3.786700 4.877250e+02
33.0000 8600.6 1.150786 1.612275e+01 3.932301e+03 3.569674 6.405733e+02
34.0000 8721.7 1.169413 1.710410e+01 5.163150e+03 3.378833 8.267861e+02
35.0000 8836.8 1.187482 1.807152e+01 6.661535e+03 3.211814 1.040875e+03
36.0000 8945.2 1.204814 1.901273e+01 8.382905e+03 3.065896 1.276953e+03
37.0000 9046.8 1.221312 1.991911e+01 1.027967e+04 2.938146 1.485543e+03
38.0000 9140.8 1.236500 2.078698e+01 1.195260e+04 2.826960 1.670565e+03
39.0000 9228.3 1.250763 2.160598e+01 1.343626e+04 2.729104 1.882541e+03
40.0000 9310.2 1.264286 2.238182e+01 1.513664e+04 2.642165 2.116524e+03
41.0000 9387.1 1.277151 2.311930e+01 1.701312e+04 2.564293 2.368477e+03
42.0000 9459.6 1.289421 2.382230e+01 1.903325e+04 2.494049 2.635123e+03
43.0000 9528.1 1.301153 2.449407e+01 2.117075e+04 2.430297 2.913778e+03
44.0000 9593.1 1.312394 2.513737e+01 2.340409e+04 2.372120 3.202226e+03
45.0000 9654.8 1.323185 2.575456e+01 2.571551e+04 2.318772 3.498624e+03
46.0000 9713.6 1.333561 2.634773e+01 2.809027e+04 2.269639 3.801436e+03
47.0000 9769.6 1.343555 2.691869e+01 3.051607e+04 2.224208 4.109373e+03
48.0000 9823.3 1.353194 2.746906e+01 3.298261e+04 2.182048 4.421354e+03
49.0000 9874.6 1.362504 2.800031e+01 3.548125e+04 2.142793 4.736466e+03
50.0000 9923.8 1.371507 2.851372e+01 3.800471e+04 2.106132 5.053939e+03
51.0000 9971.1 1.380223 2.901048e+01 4.054683e+04 2.071798 5.373120e+03
52.0000 10016.6 1.388672 2.949165e+01 4.310241e+04 2.039373 5.685724e+03
53.0000 10060.1 1.396731 2.996100e+01 4.560337e+04 2.008766 5.985193e+03
54.0000 10101.9 1.404496 3.041792e+01 4.799895e+04 1.980075 6.285521e+03
55.0000 10142.1 1.412029 3.085897e+01 5.040255e+04 1.953080 6.586760e+03
56.0000 10180.9 1.419350 3.128579e+01 5.281347e+04 1.927598 6.888764e+03
57.0000 10218.4 1.426480 3.169964e+01 5.523053e+04 1.903474 7.191441e+03
58.0000 10254.7 1.433433 3.210164e+01 5.765299e+04 1.880575 7.494698e+03
59.0000 10289.9 1.440223 3.249275e+01 6.008009e+04 1.858789 7.798440e+03
60.0000 10324.0 1.446861 3.287380e+01 6.251106e+04 1.838020 8.102572e+03
61.0000 10357.2 1.453358 3.324548e+01 6.494513e+04 1.818182 8.406995e+03
62.0000 10389.6 1.459723 3.360840e+01 6.738151e+04 1.799203 8.711613e+03
63.0000 10421.0 1.465962 3.396310e+01 6.981942e+04 1.781019 9.016327e+03
64.0000 10451.7 1.472082 3.431004e+01 7.225806e+04 1.763571 9.321039e+03
65.0000 10481.6 1.478090 3.464964e+01 7.469665e+04 1.746811 9.625654e+03
66.0000 10510.8 1.483990 3.498227e+01 7.713441e+04 1.730691 9.930074e+03
67.0000 10539.3 1.489787 3.530825e+01 7.957057e+04 1.715171 1.023420e+04
68.0000 10567.2 1.495485 3.562788e+01 8.200436e+04 1.700215 1.053795e+04
69.0000 10594.4 1.501089 3.594142e+01 8.443503e+04 1.685789 1.084122e+04
70.0000 10621.1 1.506600 3.624912e+01 8.686184e+04 1.671864 1.114392e+04
71.0000 10647.1 1.512023 3.655119e+01 8.928405e+04 1.658410 1.144597e+04
72.0000 10672.7 1.517359 3.684783e+01 9.170095e+04 1.645404 1.174726e+04
73.0000 10697.6 1.522613 3.713922e+01 9.411183e+04 1.632821 1.204773e+04
74.0000 10722.1 1.527785 3.742553e+01 9.651601e+04 1.620642 1.234728e+04
75.0000 10746.1 1.532877 3.770692e+01 9.891281e+04 1.608845 1.264584e+04
76.0000 10769.6 1.537893 3.798352e+01 1.013016e+05 1.597412 1.294332e+04
77.0000 10792.6 1.542834 3.825546e+01 1.036817e+05 1.586328 1.323964e+04
78.0000 10815.2 1.547700 3.852288e+01 1.060524e+05 1.575575 1.353472e+04
79.0000 10837.3 1.552495 3.878588e+01 1.084133e+05 1.565140 1.382851e+04
80.0000 10859.0 1.557219 3.904458e+01 1.107637e+05 1.555009 1.412091e+04
81.0000 10880.3 1.561874 3.929906e+01 1.131030e+05 1.545168 1.441187e+04
82.0000 10901.2 1.566460 3.954942e+01 1.154306e+05 1.535607 1.470130e+04
83.0000 10921.7 1.570980 3.979576e+01 1.177461e+05 1.526314 1.498916e+04
84.0000 10941.8 1.575433 4.003815e+01 1.200489e+05 1.517278 1.527537e+04
85.0000 10961.5 1.579822 4.027668e+01 1.223384e+05 1.508490 1.555988e+04
86.0000 10980.9 1.584148 4.051141e+01 1.246143e+05 1.499937 1.584269e+04
87.0000 10999.9 1.588413 4.074249e+01 1.268765e+05 1.491612 1.612374e+04
88.0000 11018.6 1.592636 4.096996e+01 1.291247e+05 1.483498 1.640342e+04
89.0000 11037.0 1.596824 4.119408e+01 1.313633e+05 1.475584 1.668186e+04
90.0000 11055.1 1.600955 4.141510e+01 1.335906e+05 1.467864 1.695873e+04
91.0000 11072.8 1.605029 4.163298e+01 1.358053e+05 1.460335 1.723389e+04
92.0000 11090.3 1.609045 4.184770e+01 1.380061e+05 1.452994 1.750718e+04
93.0000 11107.5 1.613002 4.205921e+01 1.401919e+05 1.445836 1.777846e+04
94.0000 11124.3 1.616899 4.226750e+01 1.423616e+05 1.438858 1.804761e+04
95.0000 11140.8 1.620738 4.247255e+01 1.445141e+05 1.432057 1.831448e+04
96.0000 11157.0 1.624514 4.267433e+01 1.466484e+05 1.425433 1.857879e+04
97.0000 11172.9 1.628229 4.287270e+01 1.487619e+05 1.418983 1.884043e+04
98.0000 11188.5 1.631880 4.306766e+01 1.508541e+05 1.412701 1.909930e+04
99.0000 11203.8 1.635469 4.325922e+01 1.529240e+05 1.406584 1.935534e+04
100.0000 11218.8 1.638997 4.344740e+01 1.549712e+05 1.400628 1.960848e+04
101.0000 11233.5 1.642462 4.363223e+01 1.569952e+05 1.394828 1.985866e+04
102.0000 11247.8 1.645867 4.381374e+01 1.589955e+05 1.389179 2.010585e+04
103.0000 11261.9 1.649211 4.399196e+01 1.609719e+05 1.383677 2.035002e+04
104.0000 11275.7 1.652496 4.416693e+01 1.629239e+05 1.378318 2.059113e+04
105.0000 11289.2 1.655722 4.433870e+01 1.648515e+05 1.373098 2.082917e+04
106.0000 11302.5 1.658891 4.450731e+01 1.667546e+05 1.368011 2.106422e+04
107.0000 11315.5 1.662003 4.467289e+01 1.686337e+05 1.363052 2.129627e+04
108.0000 11328.2 1.665061 4.483546e+01 1.704889e+05 1.358218 2.152530e+04
109.0000 11340.7 1.668064 4.499507e+01 1.723199e+05 1.353506 2.175131e+04
110.0000 11352.9 1.671014 4.515177e+01 1.741266e+05 1.348912 2.197429e+04
111.0000 11364.9 1.673910 4.530558e+01 1.759091e+05 1.344434 2.219421e+04
112.0000 11376.6 1.676754 4.545655e+01 1.776672e+05 1.340067 2.241108e+04
113.0000 11388.1 1.679546 4.560472e+01 1.794007e+05 1.335810 2.262488e+04
114.0000 11399.4 1.682286 4.575011e+01 1.811098e+05 1.331659 2.283561e+04
115.0000 11410.4 1.684976 4.589277e+01 1.827942e+05 1.327611 2.304325e+04
116.0000 11421.2 1.687616 4.603271e+01 1.844540e+05 1.323665 2.324781e+04
117.0000 11431.8 1.690207 4.616999e+01 1.860890e+05 1.319818 2.344926e+04
118.0000 11442.1 1.692748 4.630462e+01 1.876992e+05 1.316067 2.364762e+04
119.0000 11452.2 1.695241 4.643664e+01 1.892846e+05 1.312410 2.384286e+04
120.0000 11462.2 1.697685 4.656607e+01 1.908451e+05 1.308845 2.403499e+04
121.0000 11471.9 1.700082 4.669295e+01 1.923807e+05 1.305369 2.422400e+04
122.0000 11481.4 1.702432 4.681729e+01 1.938913e+05 1.301982 2.440988e+04
123.0000 11490.7 1.704735 4.693912e+01 1.953768e+05 1.298681 2.459263e+04
124.0000 11499.8 1.706992 4.705848e+01 1.968373e+05 1.295464 2.477224e+04
125.0000 11508.6 1.709203 4.717537e+01 1.982727e+05 1.292329 2.494870e+04
126.0000 11517.3 1.711368 4.728983e+01 1.996829e+05 1.289275 2.512202e+04
127.0000 11525.8 1.713488 4.740188e+01 2.010679e+05 1.286301 2.529219e+04
128.0000 11534.1 1.715563 4.751153e+01 2.024276e+05 1.283404 2.545919e+04
129.0000 11542.2 1.717594 4.761880e+01 2.037621e+05 1.280583 2.562303e+04
130.0000 11550.2 1.719581 4.772373e+01 2.050713e+05 1.277837 2.578371e+04
131.0000 11557.9 1.721523 4.782631e+01 2.063551e+05 1.275164 2.594121e+04
132.0000 11565.4 1.723422 4.792658e+01 2.076135e+05 1.272564 2.609553e+04
133.0000 11572.8 1.725278 4.802455e+01 2.088465e+05 1.270034 2.624667e+04
134.0000 11580.0 1.727091 4.812024e+01 2.100540e+05 1.267574 2.639462e+04
135.0000 11587.0 1.728860 4.821366e+01 2.112360e+05 1.265182 2.653938e+04
136.0000 11593.8 1.730588 4.830482e+01 2.123925e+05 1.262858 2.668095e+04
137.0000 11600.4 1.732273 4.839374e+01 2.135234e+05 1.260600 2.681931e+04
138.0000 11606.9 1.733916 4.848045e+01 2.146286e+05 1.258408 2.695447e+04
139.0000 11613.2 1.735517 4.856494e+01 2.157083e+05 1.256280 2.708642e+04
140.0000 11619.3 1.737076 4.864723e+01 2.167622e+05 1.254215 2.721515e+04
141.0000 11625.3 1.738594 4.872733e+01 2.177904e+05 1.252213 2.734067e+04
142.0000 11631.0 1.740071 4.880527e+01 2.187929e+05 1.250273 2.746297e+04
143.0000 11636.7 1.741507 4.888104e+01 2.197696e+05 1.248393 2.758204e+04
144.0000 11642.1 1.742901 4.895466e+01 2.207205e+05 1.246573 2.769788e+04
145.0000 11647.4 1.744255 4.902614e+01 2.216456e+05 1.244813 2.781050e+04
146.0000 11652.5 1.745568 4.909549e+01 2.225448e+05 1.243115 2.791967e+04
147.0000 11657.4 1.746837 4.916260e+01 2.234163e+05 1.241477 2.802543e+04
148.0000 11662.2 1.748064 4.922748e+01 2.242606e+05 1.239898 2.812780e+04
149.0000 11666.8 1.749250 4.929017e+01 2.250778e+05 1.238377 2.822685e+04
150.0000 11671.2 1.750396 4.935073e+01 2.258684e+05 1.236913 2.832261e+04
151.0000 11675.5 1.751502 4.940919e+01 2.266328e+05 1.235503 2.841517e+04
152.0000 11679.6 1.752569 4.946560e+01 2.273715e+05 1.234146 2.850458e+04
153.0000 11683.6 1.753598 4.952001e+01 2.280851e+05 1.232840 2.859092e+04
154.0000 11687.4 1.754591 4.957248e+01 2.287742e+05 1.231583 2.867428e+04
155.0000 11691.1 1.755548 4.962307e+01 2.294395e+05 1.230375 2.875475e+04
156.0000 11694.6 1.756474 4.967184e+01 2.300817e+05 1.229205 2.883281e+04
157.0000 11698.1 1.757371 4.971911e+01 2.307049e+05 1.228074 2.890853e+04
158.0000 11701.4 1.758240 4.976490e+01 2.313094e+05 1.226982 2.898191e+04
159.0000 11704.7 1.759080 4.980923e+01 2.318952e+05 1.225927 2.905296e+04
160.0000 11707.8 1.759893 4.985209e+01 2.324624e+05 1.224910 2.912167e+04
161.0000 11710.8 1.760677 4.989350e+01 2.330108e+05 1.223931 2.918800e+04
162.0000 11713.7 1.761433 4.993342e+01 2.335402e+05 1.222990 2.925193e+04
163.0000 11716.5 1.762160 4.997186e+01 2.340503e+05 1.222088 2.931340e+04
164.0000 11719.2 1.762857 5.000877e+01 2.345407e+05 1.221224 2.937236e+04
165.0000 11721.7 1.763524 5.004414e+01 2.350110e+05 1.220401 2.942874e+04
166.0000 11724.1 1.764159 5.007792e+01 2.354607e+05 1.219622 2.948218e+04
167.0000 11726.4 1.764758 5.010990e+01 2.358866e+05 1.218890 2.953262e+04
168.0000 11728.5 1.765322 5.014005e+01 2.362885e+05 1.218202 2.958006e+04
169.0000 11730.5 1.765851 5.016837e+01 2.366663e+05 1.217559 2.962448e+04
170.0000 11732.3 1.766344 5.019486e+01 2.370200e+05 1.216962 2.966588e+04
171.0000 11734.1 1.766803 5.021953e+01 2.373496e+05 1.216408 2.970427e+04
172.0000 11735.6 1.767226 5.024238e+01 2.376551e+05 1.215899 2.973966e+04
173.0000 11737.1 1.767615 5.026343e+01 2.379366e+05 1.215434 2.977207e+04
174.0000 11738.4 1.767969 5.028269e+01 2.381942e+05 1.215012 2.980153e+04
175.0000 11739.6 1.768289 5.030017e+01 2.384283e+05 1.214633 2.982806e+04
176.0000 11740.6 1.768576 5.031590e+01 2.386389e+05 1.214294 2.985179e+04
177.0000 11741.6 1.768831 5.032995e+01 2.388272e+05 1.213995 2.987275e+04
178.0000 11742.4 1.769054 5.034235e+01 2.389934e+05 1.213736 2.989096e+04
179.0000 11743.1 1.769246 5.035311e+01 2.391376e+05 1.213517 2.990643e+04
180.0000 11743.6 1.769405 5.036222e+01 2.392599e+05 1.213337 2.991918e+04
181.0000 11744.1 1.769534 5.036972e+01 2.393604e+05 1.213195 2.992922e+04
182.0000 11744.4 1.769631 5.037559e+01 2.394392e+05 1.213093 2.993657e+04
183.0000 11744.6 1.769697 5.037986e+01 2.394965e+05 1.213029 2.994122e+04
184.0000 11744.7 1.769732 5.038253e+01 2.395322e+05 1.213004 2.994320e+04
185.0000 11744.6 1.769737 5.038359e+01 2.395466e+05 1.213017 2.994251e+04
186.0000 11744.4 1.769709 5.038307e+01 2.395396e+05 1.213071 2.993896e+04
187.0000 11744.2 1.769649 5.038084e+01 2.395096e+05 1.213165 2.993257e+04
188.0000 11743.7 1.769556 5.037692e+01 2.394570e+05 1.213300 2.992341e+04
189.0000 11743.2 1.769432 5.037134e+01 2.393821e+05 1.213474 2.991152e+04
190.0000 11742.5 1.769276 5.036414e+01 2.392856e+05 1.213686 2.989699e+04
191.0000 11741.8 1.769091 5.035536e+01 2.391678e+05 1.213935 2.987987e+04
192.0000 11740.9 1.768876 5.034504e+01 2.390295e+05 1.214220 2.986026e+04
193.0000 11739.9 1.768633 5.033323e+01 2.388712e+05 1.214540 2.983823e+04
194.0000 11738.8 1.768362 5.031998e+01 2.386936e+05 1.214894 2.981387e+04
195.0000 11737.6 1.768065 5.030534e+01 2.384975e+05 1.215280 2.978729e+04
196.0000 11736.3 1.767746 5.028937e+01 2.382837e+05 1.215691 2.975898e+04
197.0000 11735.0 1.767407 5.027237e+01 2.380562e+05 1.216127 2.972899e+04
198.0000 11733.5 1.767049 5.025438e+01 2.378154e+05 1.216587 2.969736e+04
199.0000 11732.0 1.766672 5.023538e+01 2.375614e+05 1.217071 2.966407e+04
200.0000 11730.5 1.766275 5.021539e+01 2.372943e+05 1.217581 2.962913e+04
201.0000 11728.8 1.765859 5.019440e+01 2.370138e+05 1.218115 2.959250e+04
202.0000 11727.1 1.765423 5.017238e+01 2.367199e+05 1.218675 2.955416e+04
203.0000 11725.3 1.764966 5.014932e+01 2.364122e+05 1.219262 2.951407e+04
204.0000 11723.4 1.764489 5.012520e+01 2.360905e+05 1.219876 2.947217e+04
205.0000 11721.4 1.763990 5.009997e+01 2.357543e+05 1.220519 2.942841e+04
206.0000 11719.3 1.763466 5.007361e+01 2.354032e+05 1.221197 2.938233e+04
207.0000 11717.1 1.762914 5.004582e+01 2.350333e+05 1.221911 2.933390e+04
208.0000 11714.8 1.762335 5.001659e+01 2.346446e+05 1.222661 2.928313e+04
209.0000 11712.4 1.761728 4.998593e+01 2.342372e+05 1.223446 2.923004e+04
210.0000 11709.8 1.761094 4.995385e+01 2.338112e+05 1.224267 2.917468e+04
211.0000 11707.2 1.760434 4.992037e+01 2.333671e+05 1.225123 2.911707e+04
212.0000 11704.5 1.759747 4.988552e+01 2.329051e+05 1.226013 2.905729e+04
213.0000 11701.6 1.759035 4.984932e+01 2.324256e+05 1.226936 2.899539e+04
214.0000 11698.7 1.758298 4.981180e+01 2.319293e+05 1.227893 2.893144e+04
215.0000 11695.7 1.757537 4.977301e+01 2.314166e+05 1.228881 2.886552e+04
216.0000 11692.6 1.756754 4.973299e+01 2.308881e+05 1.229897 2.879789e+04
217.0000 11689.4 1.755951 4.969190e+01 2.303462e+05 1.230941 2.872863e+04
218.0000 11686.1 1.755128 4.964979e+01 2.297912e+05 1.232012 2.865778e+04
219.0000 11682.8 1.754286 4.960666e+01 2.292236e+05 1.233108 2.858539e+04
220.0000 11679.4 1.753426 4.956254e+01 2.286436e+05 1.234231 2.851149e+04
221.0000 11675.9 1.752547 4.951746e+01 2.280517e+05 1.235380 2.843612e+04
222.0000 11672.3 1.751650 4.947143e+01 2.274479e+05 1.236554 2.835931e+04
223.0000 11668.7 1.750735 4.942446e+01 2.268327e+05 1.237754 2.828109e+04
224.0000 11665.0 1.749803 4.937658e+01 2.262062e+05 1.238978 2.820149e+04
225.0000 11661.2 1.748854 4.932779e+01 2.255687e+05 1.240228 2.812054e+04
226.0000 11657.4 1.747889 4.927810e+01 2.249203e+05 1.241500 2.803834e+04
227.0000 11653.5 1.746908 4.922759e+01 2.242621e+05 1.242796 2.795491e+04
228.0000 11649.5 1.745911 4.917626e+01 2.235940e+05 1.244116 2.787025e+04
229.0000 11645.5 1.744898 4.912410e+01 2.229161e+05 1.245460 2.778436e+04
230.0000 11641.4 1.743870 4.907110e+01 2.222283e+05 1.246828 2.769721e+04
231.0000 11637.3 1.742825 4.901726e+01 2.215305e+05 1.248222 2.760880e+04
232.0000 11633.0 1.741764 4.896256e+01 2.208226e+05 1.249641 2.751911e+04
233.0000 11628.7 1.740685 4.890697e+01 2.201044e+05 1.251086 2.742810e+04
234.0000 11624.3 1.739590 4.885050e+01 2.193757e+05 1.252558 2.733576e+04
235.0000 11619.9 1.738477 4.879310e+01 2.186362e+05 1.254057 2.724205e+04
236.0000 11615.3 1.737344 4.873476e+01 2.178859e+05 1.255590 2.714667e+04
237.0000 11610.7 1.736189 4.867527e+01 2.171220e+05 1.257157 2.704961e+04
238.0000 11606.0 1.735012 4.861464e+01 2.163446e+05 1.258756 2.695089e+04
239.0000 11601.2 1.733814 4.855287e+01 2.155539e+05 1.260389 2.685054e+04
240.0000 11596.3 1.732595 4.848998e+01 2.147504e+05 1.262055 2.674862e+04
241.0000 11591.3 1.731356 4.842599e+01 2.139342e+05 1.263753 2.664518e+04
242.0000 11586.2 1.730096 4.836094e+01 2.131059e+05 1.265483 2.654027e+04
243.0000 11581.1 1.728818 4.829485e+01 2.122659e+05 1.267243 2.643397e+04
244.0000 11575.8 1.727520 4.822776e+01 2.114147e+05 1.269034 2.632634e+04
245.0000 11570.5 1.726206 4.815971e+01 2.105531e+05 1.270855 2.621747e+04
246.0000 11565.2 1.724875 4.809074e+01 2.096815e+05 1.272700 2.610761e+04
247.0000 11559.7 1.723531 4.802103e+01 2.088021e+05 1.274569 2.599683e+04
248.0000 11554.3 1.722174 4.795060e+01 2.079155e+05 1.276463 2.588519e+04
249.0000 11548.7 1.720805 4.787949e+01 2.070220e+05 1.278380 2.577273e+04
250.0000 11543.1 1.719423 4.780770e+01 2.061219e+05 1.280319 2.565950e+04
251.0000 11537.5 1.718029 4.773528e+01 2.052156e+05 1.282282 2.554551e+04
252.0000 11531.8 1.716624 4.766223e+01 2.043035e+05 1.284267 2.543082e+04
253.0000 11526.0 1.715207 4.758857e+01 2.033856e+05 1.286274 2.531545e+04
254.0000 11520.2 1.713780 4.751432e+01 2.024624e+05 1.288303 2.519944e+04
255.0000 11514.4 1.712343 4.743950e+01 2.015339e+05 1.290354 2.508279e+04
256.0000 11508.5 1.710895 4.736411e+01 2.006005e+05 1.292425 2.496564e+04
257.0000 11502.6 1.709439 4.728823e+01 1.996631e+05 1.294516 2.484799e+04
258.0000 11496.6 1.707974 4.721186e+01 1.987216e+05 1.296627 2.472983e+04
259.0000 11490.6 1.706499 4.713499e+01 1.977762e+05 1.298759 2.461118e+04
260.0000 11484.5 1.705015 4.705762e+01 1.968268e+05 1.300912 2.449201e+04
261.0000 11478.4 1.703521 4.697974e+01 1.958732e+05 1.303087 2.437231e+04
262.0000 11472.3 1.702018 4.690133e+01 1.949154e+05 1.305285 2.425208e+04
263.0000 11466.1 1.700505 4.682239e+01 1.939533e+05 1.307505 2.413128e+04
264.0000 11459.8 1.698981 4.674289e+01 1.929867e+05 1.309749 2.400989e+04
265.0000 11453.5 1.697446 4.666281e+01 1.920154e+05 1.312018 2.388789e+04
266.0000 11447.1 1.695899 4.658213e+01 1.910391e+05 1.314317 2.376500e+04
267.0000 11440.7 1.694336 4.650065e+01 1.900556e+05 1.316647 2.364121e+04
268.0000 11434.2 1.692759 4.641837e+01 1.890649e+05 1.319008 2.351654e+04
269.0000 11427.6 1.691167 4.633531e+01 1.880671e+05 1.321399 2.339103e+04
270.0000 11420.9 1.689561 4.625146e+01 1.870627e+05 1.323821 2.326471e+04
271.0000 11414.2 1.687941 4.616687e+01 1.860518e+05 1.326272 2.313764e+04
272.0000 11407.5 1.686309 4.608155e+01 1.850349e+05 1.328753 2.300987e+04
273.0000 11400.6 1.684663 4.599554e+01 1.840124e+05 1.331262 2.288146e+04
274.0000 11393.7 1.683006 4.590887e+01 1.829849e+05 1.333798 2.275247e+04
275.0000 11386.8 1.681339 4.582158e+01 1.819528e+05 1.336361 2.262298e+04
276.0000 11379.8 1.679663 4.573371e+01 1.809167e+05 1.338942 2.249339e+04
277.0000 11372.8 1.677982 4.564555e+01 1.798799e+05 1.341542 2.236373e+04
278.0000 11365.8 1.676297 4.555710e+01 1.788428e+05 1.344160 2.223403e+04
279.0000 11358.8 1.674606 4.546838e+01 1.778052e+05 1.346797 2.210428e+04
280.0000 11351.7 1.672911 4.537937e+01 1.767673e+05 1.349453 2.197448e+04
281.0000 11344.6 1.671210 4.529006e+01 1.757289e+05 1.352129 2.184459e+04
282.0000 11337.4 1.669504 4.520045e+01 1.746898e+05 1.354825 2.171460e+04
283.0000 11330.2 1.667791 4.511050e+01 1.736499e+05 1.357543 2.158447e+04
284.0000 11323.0 1.666071 4.502019e+01 1.726089e+05 1.360284 2.145416e+04
285.0000 11315.7 1.664344 4.492949e+01 1.715664e+05 1.363049 2.132361e+04
286.0000 11308.4 1.662607 4.483835e+01 1.705220e+05 1.365849 2.119240e+04
287.0000 11301.0 1.660855 4.474646e+01 1.694720e+05 1.368683 2.106050e+04
288.0000 11293.5 1.659089 4.465380e+01 1.684166e+05 1.371553 2.092794e+04
289.0000 11286.0 1.657309 4.456039e+01 1.673558e+05 1.374457 2.079475e+04
290.0000 11278.3 1.655517 4.446624e+01 1.662900e+05 1.377396 2.066098e+04
291.0000 11270.7 1.653711 4.437139e+01 1.652197e+05 1.380368 2.052669e+04
292.0000 11263.0 1.651894 4.427588e+01 1.641452e+05 1.383372 2.039196e+04
293.0000 11255.2 1.650067 4.417974e+01 1.630673e+05 1.386407 2.025686e+04
294.0000 11247.3 1.648229 4.408302e+01 1.619864e+05 1.389473 2.012148e+04
295.0000 11239.5 1.646382 4.398579e+01 1.609032e+05 1.392566 1.998590e+04
296.0000 11231.6 1.644531 4.388809e+01 1.598186e+05 1.395676 1.985060e+04
297.0000 11223.7 1.642679 4.379029e+01 1.587364e+05 1.398803 1.971564e+04
298.0000 11215.7 1.640825 4.369241e+01 1.576571e+05 1.401946 1.958105e+04
299.0000 11207.8 1.638971 4.359447e+01 1.565807e+05 1.405105 1.944685e+04
300.0000 11199.8 1.637117 4.349647e+01 1.555074e+05 1.408279 1.931305e+04
301.0000 11191.9 1.635262 4.339843e+01 1.544372e+05 1.411470 1.917962e+04
302.0000 11183.9 1.633406 4.330033e+01 1.533701e+05 1.414678 1.904657e+04
303.0000 11175.9 1.631549 4.320216e+01 1.523060e+05 1.417903 1.891387e+04
304.0000 11167.9 1.629691 4.310390e+01 1.512446e+05 1.421146 1.878149e+04
305.0000 11159.8 1.627831 4.300554e+01 1.501858e+05 1.424409 1.864940e+04
306.0000 11151.8 1.625966 4.290703e+01 1.491293e+05 1.427700 1.851727e+04
307.0000 11143.7 1.624094 4.280814e+01 1.480724e+05 1.431020 1.838508e+04
308.0000 11135.5 1.622215 4.270884e+01 1.470150e+05 1.434368 1.825285e+04
309.0000 11127.3 1.620329 4.260915e+01 1.459572e+05 1.437746 1.812060e+04
310.0000 11119.0 1.618437 4.250907e+01 1.448992e+05 1.441151 1.798834e+04
311.0000 11110.8 1.616538 4.240862e+01 1.438413e+05 1.444585 1.785612e+04
312.0000 11102.4 1.614633 4.230783e+01 1.427836e+05 1.448047 1.772397e+04
313.0000 11094.1 1.612723 4.220671e+01 1.417266e+05 1.451535 1.759194e+04
314.0000 11085.7 1.610808 4.210529e+01 1.406705e+05 1.455049 1.746007e+04
315.0000 11077.3 1.608889 4.200362e+01 1.396157e+05 1.458587 1.732843e+04
316.0000 11068.9 1.606969 4.190173e+01 1.385628e+05 1.462142 1.719732e+04
317.0000 11060.5 1.605051 4.179987e+01 1.375143e+05 1.465712 1.706680e+04
318.0000 11052.0 1.603133 4.169807e+01 1.364705e+05 1.469297 1.693686e+04
319.0000 11043.6 1.601217 4.159633e+01 1.354313e+05 1.472898 1.680750e+04
320.0000 11035.2 1.599303 4.149464e+01 1.343968e+05 1.476515 1.667871e+04
321.0000 11026.7 1.597390 4.139299e+01 1.333669e+05 1.480149 1.655048e+04
322.0000 11018.3 1.595477 4.129138e+01 1.323414e+05 1.483800 1.642277e+04
323.0000 11009.8 1.593565 4.118978e+01 1.313201e+05 1.487470 1.629557e+04
324.0000 11001.3 1.591653 4.108816e+01 1.303028e+05 1.491160 1.616883e+04
325.0000 10992.8 1.589746 4.098650e+01 1.292892e+05 1.494873 1.604252e+04
326.0000 10984.2 1.587847 4.088470e+01 1.282796e+05 1.498621 1.591631e+04
327.0000 10975.7 1.585940 4.078245e+01 1.272700e+05 1.502404 1.579009e+04
328.0000 10967.0 1.584026 4.067977e+01 1.262603e+05 1.506223 1.566385e+04
329.0000 10958.3 1.582105 4.057663e+01 1.252506e+05 1.510078 1.553763e+04
330.0000 10949.6 1.580177 4.047307e+01 1.242409e+05 1.513968 1.541144e+04
331.0000 10940.8 1.578243 4.036907e+01 1.232316e+05 1.517894 1.528531e+04
332.0000 10932.0 1.576303 4.026468e+01 1.222226e+05 1.521855 1.515927e+04
333.0000 10923.1 1.574357 4.015989e+01 1.212145e+05 1.525850 1.503337e+04
334.0000 10914.2 1.572405 4.005475e+01 1.202075e+05 1.529879 1.490764e+04
335.0000 10905.2 1.570450 3.994929e+01 1.192019e+05 1.533940 1.478214e+04
336.0000 10896.3 1.568491 3.984353e+01 1.181980e+05 1.538028 1.465703e+04
337.0000 10887.3 1.566532 3.973763e+01 1.171975e+05 1.542143 1.453235e+04
338.0000 10878.3 1.564571 3.963161e+01 1.162004e+05 1.546284 1.440815e+04
339.0000 10869.3 1.562611 3.952550e+01 1.152071e+05 1.550449 1.428444e+04
340.0000 10860.2 1.560650 3.941932e+01 1.142178e+05 1.554639 1.416126e+04
341.0000 10851.2 1.558691 3.931309e+01 1.132327e+05 1.558853 1.403863e+04
342.0000 10842.1 1.556732 3.920683e+01 1.122520e+05 1.563090 1.391656e+04
343.0000 10833.0 1.554774 3.910055e+01 1.112759e+05 1.567350 1.379509e+04
344.0000 10823.9 1.552818 3.899428e+01 1.103045e+05 1.571633 1.367423e+04
345.0000 10814.8 1.550863 3.888803e+01 1.093380e+05 1.575938 1.355399e+04
346.0000 10805.7 1.548911 3.878181e+01 1.083765e+05 1.580262 1.343444e+04
347.0000 10796.6 1.546962 3.867569e+01 1.074206e+05 1.584606 1.331560e+04
348.0000 10787.5 1.545017 3.856967e+01 1.064703e+05 1.588970 1.319746e+04
349.0000 10778.4 1.543074 3.846375e+01 1.055256e+05 1.593354 1.308002e+04
350.0000 10769.3 1.541135 3.835794e+01 1.045866e+05 1.597757 1.296328e+04
351.0000 10760.2 1.539198 3.825222e+01 1.036530e+05 1.602182 1.284722e+04
352.0000 10751.1 1.537265 3.814658e+01 1.027250e+05 1.606628 1.273183e+04
353.0000 10741.9 1.535334 3.804103e+01 1.018023e+05 1.611096 1.261710e+04
354.0000 10732.8 1.533405 3.793553e+01 1.008848e+05 1.615587 1.250300e+04
355.0000 10723.7 1.531478 3.783008e+01 9.997249e+04 1.620102 1.238953e+04
356.0000 10714.5 1.529552 3.772466e+01 9.906510e+04 1.624647 1.227655e+04
357.0000 10705.3 1.527625 3.761915e+01 9.816160e+04 1.629221 1.216405e+04
358.0000 10696.1 1.525698 3.751353e+01 9.726194e+04 1.633826 1.205203e+04
359.0000 10686.9 1.523770 3.740780e+01 9.636611e+04 1.638462 1.194049e+04
360.0000 10677.6 1.521842 3.730196e+01 9.547411e+04 1.643130 1.182944e+04
361.0000 10668.4 1.519913 3.719602e+01 9.458599e+04 1.647828 1.171887e+04
362.0000 10659.1 1.517983 3.708997e+01 9.370180e+04 1.652558 1.160881e+04
363.0000 10649.8 1.516053 3.698383e+01 9.282162e+04 1.657319 1.149926e+04
364.0000 10640.4 1.514123 3.687759e+01 9.194556e+04 1.662110 1.139024e+04
365.0000 10631.1 1.512193 3.677129e+01 9.107373e+04 1.666932 1.128176e+04
366.0000 10621.7 1.510265 3.666493e+01 9.020626e+04 1.671782 1.117390e+04
367.0000 10612.4 1.508337 3.655857e+01 8.934372e+04 1.676659 1.106666e+04
368.0000 10603.0 1.506412 3.645223e+01 8.848620e+04 1.681564 1.096006e+04
369.0000 10593.6 1.504489 3.634592e+01 8.763379e+04 1.686495 1.085411e+04
370.0000 10584.2 1.502567 3.623966e+01 8.678658e+04 1.691453 1.074882e+04
371.0000 10574.8 1.500649 3.613344e+01 8.594462e+04 1.696438 1.064419e+04
372.0000 10565.4 1.498732 3.602727e+01 8.510798e+04 1.701449 1.054023e+04
373.0000 10556.0 1.496818 3.592117e+01 8.427672e+04 1.706486 1.043695e+04
374.0000 10546.6 1.494907 3.581514e+01 8.345089e+04 1.711550 1.033436e+04
375.0000 10537.1 1.492999 3.570918e+01 8.263053e+04 1.716640 1.023245e+04
376.0000 10527.7 1.491094 3.560331e+01 8.181568e+04 1.721753 1.013129e+04
377.0000 10518.3 1.489193 3.549758e+01 8.100677e+04 1.726890 1.003086e+04
378.0000 10508.9 1.487296 3.539198e+01 8.020378e+04 1.732052 9.931171e+03
379.0000 10499.4 1.485403 3.528651e+01 7.940665e+04 1.737239 9.832203e+03
380.0000 10490.0 1.483513 3.518117e+01 7.861531e+04 1.742451 9.733950e+03
381.0000 10480.6 1.481626 3.507594e+01 7.782968e+04 1.747689 9.636397e+03
382.0000 10471.1 1.479743 3.497082e+01 7.704964e+04 1.752954 9.539530e+03
383.0000 10461.7 1.477862 3.486577e+01 7.627509e+04 1.758248 9.443332e+03
384.0000 10452.2 1.475983 3.476080e+01 7.550587e+04 1.763572 9.347785e+03
385.0000 10442.8 1.474107 3.465587e+01 7.474185e+04 1.768927 9.252869e+03
386.0000 10433.3 1.472231 3.455097e+01 7.398287e+04 1.774322 9.158432e+03
387.0000 10423.8 1.470354 3.444592e+01 7.322766e+04 1.779759 9.064463e+03
388.0000 10414.3 1.468475 3.434071e+01 7.247619e+04 1.785237 8.970966e+03
389.0000 10404.7 1.466595 3.423534e+01 7.172850e+04 1.790757 8.877949e+03
390.0000 10395.1 1.464713 3.412982e+01 7.098464e+04 1.796318 8.785425e+03
391.0000 10385.5 1.462831 3.402416e+01 7.024473e+04 1.801921 8.693411e+03
392.0000 10375.9 1.460948 3.391837e+01 6.950891e+04 1.807565 8.601927e+03
393.0000 10366.2 1.459065 3.381248e+01 6.877734e+04 1.813248 8.510999e+03
394.0000 10356.5 1.457182 3.370651e+01 6.805023e+04 1.818970 8.420654e+03
395.0000 10346.8 1.455301 3.360049e+01 6.732779e+04 1.824728 8.330923e+03
396.0000 10337.2 1.453422 3.349446e+01 6.661026e+04 1.830514 8.241960e+03
397.0000 10327.5 1.451548 3.338860e+01 6.589895e+04 1.836325 8.153790e+03
398.0000 10317.8 1.449679 3.328295e+01 6.519399e+04 1.842160 8.066425e+03
399.0000 10308.1 1.447816 3.317752e+01 6.449547e+04 1.848020 7.979876e+03
400.0000 10298.5 1.445958 3.307232e+01 6.380348e+04 1.853903 7.894146e+03
401.0000 10288.9 1.444107 3.296737e+01 6.311805e+04 1.859810 7.809239e+03
402.0000 10279.2 1.442261 3.286268e+01 6.243919e+04 1.865739 7.725154e+03
403.0000 10269.6 1.440421 3.275824e+01 6.176691e+04 1.871692 7.641886e+03
404.0000 10260.0 1.438587 3.265405e+01 6.110116e+04 1.877669 7.559430e+03
405.0000 10250.4 1.436759 3.255012e+01 6.044190e+04 1.883669 7.477777e+03
406.0000 10240.8 1.434936 3.244644e+01 5.978906e+04 1.889697 7.396879e+03
407.0000 10231.2 1.433118 3.234294e+01 5.914223e+04 1.895753 7.316726e+03
408.0000 10221.6 1.431305 3.223962e+01 5.850137e+04 1.901837 7.237311e+03
409.0000 10212.1 1.429496 3.213648e+01 5.786640e+04 1.907951 7.158629e+03
410.0000 10202.5 1.427691 3.203351e+01 5.723729e+04 1.914094 7.080673e+03
411.0000 10192.9 1.425890 3.193070e+01 5.661398e+04 1.920267 7.003437e+03
412.0000 10183.3 1.424094 3.182806e+01 5.599643e+04 1.926471 6.926915e+03
413.0000 10173.8 1.422302 3.172557e+01 5.538459e+04 1.932705 6.851102e+03
414.0000 10164.2 1.420513 3.162323e+01 5.477841e+04 1.938972 6.775992e+03
415.0000 10154.6 1.418729 3.152104e+01 5.417786e+04 1.945270 6.701581e+03
416.0000 10145.1 1.416948 3.141899e+01 5.358288e+04 1.951604 6.627826e+03
417.0000 10135.5 1.415170 3.131702e+01 5.299315e+04 1.957973 6.554728e+03
418.0000 10125.9 1.413395 3.121514e+01 5.240866e+04 1.964379 6.482287e+03
419.0000 10116.3 1.411623 3.111336e+01 5.182943e+04 1.970821 6.410508e+03
420.0000 10106.7 1.409854 3.101167e+01 5.125550e+04 1.977297 6.339396e+03
421.0000 10097.1 1.408089 3.091009e+01 5.068690e+04 1.983809 6.268957e+03
422.0000 10087.6 1.406327 3.080863e+01 5.012369e+04 1.990356 6.199202e+03
423.0000 10078.0 1.404569 3.070730e+01 4.956594e+04 1.996935 6.130138e+03
424.0000 10068.4 1.402815 3.060613e+01 4.901373e+04 2.003547 6.061776e+03
425.0000 10058.8 1.401066 3.050513e+01 4.846714e+04 2.010191 5.994129e+03
426.0000 10049.3 1.399323 3.040432e+01 4.792627e+04 2.016853 5.927307e+03
427.0000 10039.7 1.397588 3.030388e+01 4.739204e+04 2.023535 5.861315e+03
428.0000 10030.2 1.395860 3.020382e+01 4.686446e+04 2.030235 5.796150e+03
429.0000 10020.8 1.394141 3.010414e+01 4.634348e+04 2.036954 5.731800e+03
430.0000 10011.3 1.392430 3.000484e+01 4.582902e+04 2.043693 5.668253e+03
431.0000 10001.9 1.390726 2.990590e+01 4.532097e+04 2.050453 5.605494e+03
432.0000 9992.5 1.389019 2.980730e+01 4.481922e+04 2.057134 5.539967e+03
433.0000 9983.1 1.387304 2.971052e+01 4.429497e+04 2.063774 5.474502e+03
434.0000 9973.9 1.385605 2.961491e+01 4.377173e+04 2.070402 5.410035e+03
435.0000 9964.7 1.383920 2.952011e+01 4.325643e+04 2.077019 5.346514e+03
436.0000 9955.5 1.382247 2.942605e+01 4.274867e+04 2.083641 5.283792e+03
437.0000 9946.4 1.380582 2.933253e+01 4.224725e+04 2.090270 5.221829e+03
438.0000 9937.3 1.378926 2.923951e+01 4.175188e+04 2.096908 5.160595e+03
439.0000 9928.2 1.377278 2.914694e+01 4.126234e+04 2.103558 5.100065e+03
440.0000 9919.1 1.375637 2.905480e+01 4.077841e+04 2.110222 5.040216e+03
441.0000 9910.1 1.374004 2.896306e+01 4.029992e+04 2.116899 4.981030e+03
442.0000 9901.1 1.372377 2.887169e+01 3.982673e+04 2.123593 4.922492e+03
443.0000 9892.1 1.370756 2.878069e+01 3.935872e+04 2.130302 4.864590e+03
444.0000 9883.1 1.369142 2.869004e+01 3.889578e+04 2.137029 4.807314e+03
445.0000 9874.2 1.367533 2.859974e+01 3.843785e+04 2.143773 4.750658e+03
446.0000 9865.3 1.365931 2.850976e+01 3.798487e+04 2.150535 4.694615e+03
447.0000 9856.4 1.364334 2.842013e+01 3.753680e+04 2.157314 4.639184e+03
448.0000 9847.5 1.362744 2.833083e+01 3.709362e+04 2.164109 4.584364e+03
449.0000 9838.6 1.361160 2.824187e+01 3.665533e+04 2.170920 4.530155e+03
450.0000 9829.7 1.359582 2.815326e+01 3.622192e+04 2.177747 4.476560e+03
